# Created by Octave 3.0.1, Thu Oct 04 09:04:38 2012 BRT <drebs@joselito.semvergonha.org>
# name: x
# type: matrix
# rows: 401
# columns: 5
 0 NaN NaN NaN NaN
 0.007853981633974483 0.9999922893814706 0.9999614472640738 0.9998380845018899 0.9993447247631457
 0.01570796326794897 0.9999691576447897 0.9998457939313952 0.999352430388513 0.9973804366474895
 0.02356194490192345 0.9999306051466775 0.9996530546265924 0.998543314741308 0.9941117441651285
 0.03141592653589793 0.9998766324816606 0.9993832537218155 0.9974111991579846 0.989546313940339
 0.03926990816987241 0.9998072404820648 0.9990364253333903 0.9959567294456386 0.9836948494107234
 0.0471238898038469 0.9997224302180006 0.9986126133171352 0.9941807351914231 0.9765710610986094
 0.05497787143782139 0.9996222029973469 0.9981118712623394 0.9920842292110722 0.9681916285421674
 0.06283185307179587 0.9995065603657319 0.997534262484406 0.9896684068756745 0.9585761540007769
 0.07068583470577035 0.999375504106507 0.9968798600161605 0.9869346453171691 0.9477471080738907
 0.07853981633974483 0.9992290362407229 0.9961487465978246 0.9838845025131318 0.9357297673969293
 0.08639379797371932 0.999067159027095 0.9953410146656572 0.9805197162514944 0.9225521446014849
 0.0942477796076938 0.99888987496197 0.9944567663392637 0.9768422029759375 0.9082449107503051
 0.1021017612416683 0.9986971867792876 0.9934961134075784 0.9728540565127696 0.8928413104800195
 0.1099557428756428 0.9984890974505379 0.9924591773135167 0.9685575466802004 0.8763770701063648
 0.1178097245096173 0.9982656101847157 0.9913460891373036 0.963955117780988 0.8588902989676267
 0.1256637061435917 0.9980267284282714 0.9901569895784801 0.9590493869795332 0.8404213843021373
 0.1335176877775662 0.9977724558650573 0.9888920289365863 0.9538431425645679 0.8210128799748377
 0.1413716694115407 0.9975027964162699 0.9875513670905304 0.9483393420986692 0.8007093893861151
 0.1492256510455152 0.9972177542403928 0.9861351734766397 0.9425411104559119 0.7795574429132588
 0.1570796326794897 0.996917333733128 0.9846436270654023 0.9364517377490459 0.7576053702509297
 0.1649336143134641 0.9966015395273317 0.9830769163368975 0.9300746771476704 0.7349031680319338
 0.1727875959474386 0.9962703764929414 0.9814352392549244 0.9234135425889476 0.7115023631232891
 0.1806415775814131 0.9959238497369003 0.9797188032398245 0.9164721063824752 0.6874558720050388
 0.1884955592153876 0.9955619646030801 0.9779278251400116 0.9092542967110205 0.6628178566504535
 0.1963495408493621 0.9951847266721969 0.9760625312022028 0.9017641950288745 0.6376435773361454
 0.2042035224833366 0.9947921417617265 0.9741231570403638 0.8940060333596771 0.6119892428191537
 0.2120575041173111 0.9943842159258137 0.9721099476033659 0.8859841914956185 0.5859118583252351
 0.2199114857512856 0.9939609554551798 0.9700231571413624 0.8777031941000014 0.5594690717983916
 0.22776546738526 0.9935223668770242 0.9678630491708921 0.8691677077152138 0.5327190188660431
 0.2356194490192345 0.9930684569549262 0.9656298964387052 0.8603825376782244 0.5057201669772333
 0.243473430653209 0.992599232688738 0.9633239808843284 0.8513526249457868 0.4785311591728059
 0.2513274122871835 0.992114701314478 0.9609455936013647 0.8420830428315916 0.4512106579466129
 0.259181393921158 0.9916148703042192 0.9584950347975406 0.8325789936576745 0.423817189655522
 0.2670353755551325 0.9910997473659748 0.9559726137535005 0.8228458053224461 0.3964089899332731
 0.2748893571891069 0.9905693404435771 0.9533786487803565 0.8128889277877656 0.369043850559112
 0.2827433388230814 0.9900236577165576 0.9507134671760015 0.8027139294875413 0.341778968226621
 0.2905973204570559 0.9894627076000186 0.9479774051801867 0.7923264936603914 0.3146707956512763
 0.2984513020910304 0.9888864987445044 0.9451708079283752 0.781732414608952 0.2877748954470336
 0.3063052837250049 0.9882950400358694 0.942294029404374 0.7709375938884753 0.2611457971926911
 0.3141592653589793 0.987688340595138 0.9393474323917529 0.7599480364274001 0.2348368580979383
 0.3220132469929538 0.9870664097783652 0.9363313884240556 0.7487698465826342 0.2089001276669131
 0.3298672286269283 0.9864292571764955 0.9332462777338139 0.7374092241323285 0.1833862167437919
 0.3377212102609028 0.9857768926152086 0.9300924892003637 0.7258724602089609 0.1583441713104655
 0.3455751918948773 0.985109326154774 0.9268704202964826 0.7141659331756014 0.1338213513907849
 0.3534291735288518 0.9844265680898917 0.9235804770338418 0.7022961044482556 0.1098633153992009
 0.3612831551628262 0.9837286289495357 0.9202230739072927 0.6902695142672287 0.08651371025397343
 0.3691371367968007 0.9830155194967916 0.9167986338379889 0.6780927774204852 0.06381416755650859
 0.3769911184307752 0.9822872507286887 0.9133075881153518 0.6657725789220079 0.04180420611888361
 0.3848451000647497 0.9815438338760326 0.9097503763378917 0.653315669648198 0.02052114110128552
 0.3926990816987242 0.9807852804032307 0.906127446352888 0.6407288619353765 1.030383552423335e-16
 0.4005530633326986 0.9800116020081155 0.9024392541949395 0.6280190251414829 0.0197265542952001
 0.4084070449666731 0.9792228106217657 0.8986862640233946 0.6151930811750801 0.03862829317782235
 0.4162610266006476 0.9784189184083201 0.894868948058665 0.602257999994809 0.05667748456209332
 0.4241150082346221 0.9775999377647906 0.8909877865174375 0.5892207950824382 0.07384894753101236
 0.4319689898685966 0.9767658813208725 0.8870432675467897 0.5760885188926915 0.09012009926879722
 0.4398229715025711 0.9759167619387472 0.8830358871572187 0.5628682582830281 0.1054709941756511
 0.4476769531365455 0.9750525927128867 0.8789661491545941 0.549567129926584 0.1198843550871799
 0.45553093477052 0.9741733869698495 0.874834565071042 0.5361922757114754 0.1333455965453536
 0.4633849164044945 0.973279158268075 0.8706416540947715 0.5227508581296829 0.1458428400925565
 0.471238898038469 0.9723699203976767 0.8663879429988538 0.509250055658738 0.157366921584938
 0.4790928796724435 0.9714456873802269 0.8620739660689619 0.4956970581394322 0.1679113905458606
 0.486946861306418 0.9705064734685425 0.8577002650300823 0.4820990621527763 0.1774725016046935
 0.4948008429403924 0.9695522931464636 0.8532673889722072 0.4684632663994293 0.1860491980904126
 0.5026548245743669 0.9685831611286311 0.8487758942750212 0.4547968670848163 0.1936430878733876
 0.5105088062083414 0.9675990923602598 0.8442263445315893 0.4411070533131475 0.2002584115722747
 0.5183627878423159 0.9666001020169072 0.8396193104710563 0.4274010024935369 0.2059020032660178
 0.5262167694762904 0.9655862055042406 0.8349553698803734 0.4136858757614181 0.2105832438735245
 0.5340707511102649 0.9645574184577981 0.8302351075250562 0.3999688134184284 0.2143140073855489
 0.5419247327442394 0.9635137567427489 0.8254591150689907 0.3862569303939301 0.2171086001546155
 0.5497787143782138 0.9624552364536475 0.8206279909932945 0.3725573117313061 0.2189836934693913
 0.5576326960121883 0.9613818739141859 0.8157423405142469 0.3588770081021589 0.2199582496596897
 0.5654866776461628 0.9602936856769431 0.8108027755002974 0.3452230313515112 0.2200534419972173
 0.5733406592801373 0.9591906885231273 0.805809914388167 0.3316023500770841 0.2192925686751832
 0.5811946409141118 0.9580728994623192 0.800764382098049 0.3180218852457036 0.217700961166932
 0.5890486225480862 0.9569403357322089 0.7956668099479273 0.3044885058498544 0.2153058872797917
 0.5969026041820608 0.9557930147983302 0.7905178355670177 0.2910090246073681 0.212136449235277
 0.6047565858160352 0.9546309543537912 0.7853181028083506 0.2775901937072043 0.2082234771206375
 0.6126105674500097 0.9534541723190013 0.7800682616605005 0.2642387006042376 0.203599418069432
 0.6204645490839842 0.9522626868413954 0.7747689681584813 0.2509611638659395 0.198298221540309
 0.6283185307179586 0.9510565162951535 0.7694208842938134 0.2377641290737884 0.1923552210734533
 0.6361725123519332 0.9498356792809176 0.7640246779237803 0.2246540647822146 0.1858070129131887
